1 0
2 0
3 0
4 0
5 0
6 0
7 0
8 0
9 0
10 0
20 0
30 0
40 0
50 0
60 0
70 0
80 0
90 0
100 0
200 0
300 0
400 0
500 0
600 0
700 0
800 0
900 0
1000 0
2000 0
3000 0
4000 0
5000 0
6000 0
7000 0
8000 0
9000 0
10000 0
20000 0
30000 0
40000 0
50000 0
60000 0
70000 0
80000 0
90000 0
100000 0
200000 0
300000 1
400000 1
500000 2
600000 2
700000 3
800000 3
900000 4
1000000 4
2000000 9
3000000 14
4000000 19
5000000 24
6000000 29
7000000 34
8000000 39
9000000 44
10000000 49
20000000 99
30000000 149
40000000 199
50000000 249
60000000 299
70000000 349
80000000 399
90000000 449
100000000 499
